1051
0.0012,0.0012,0.12,0.12,0.0
0.0048,0.0048,0.18,0.18,0.0
0.0108,0.0108,0.30000000000000004,0.30000000000000004,0.0
0.019200000000000002,0.019200000000000002,0.42000000000000004,0.42000000000000004,0.0
0.029999999999999995,0.029999999999999995,0.5399999999999997,0.5399999999999997,0.0
0.04319999999999997,0.04319999999999997,0.6599999999999986,0.6599999999999986,0.0
0.058799999999999936,0.058799999999999936,0.7799999999999984,0.7799999999999984,0.0
0.0767999999999999,0.0767999999999999,0.899999999999998,0.899999999999998,0.0
0.09719999999999983,0.09719999999999983,1.0199999999999967,1.0199999999999967,0.0
0.11999999999999977,0.11999999999999977,1.1399999999999972,1.1399999999999972,0.0
0.14519999999999972,0.14519999999999972,1.2599999999999971,1.2599999999999971,0.0
0.17279999999999965,0.17279999999999965,1.3799999999999966,1.3799999999999966,0.0
0.20279999999999956,0.20279999999999956,1.4999999999999958,1.4999999999999958,0.0
0.23519999999999952,0.23519999999999952,1.6199999999999979,1.6199999999999979,0.0
0.2699999999999994,0.2699999999999994,1.7399999999999942,1.7399999999999942,0.0
0.30719999999999936,0.30719999999999936,1.8599999999999977,1.8599999999999977,0.0
0.3467999999999993,0.3467999999999993,1.9799999999999955,1.9799999999999955,0.0
0.3887999999999991,0.3887999999999991,2.0999999999999908,2.0999999999999908,0.0
0.43319999999999903,0.43319999999999903,2.219999999999997,2.219999999999997,0.0
0.47999999999999937,0.47999999999999937,2.340000000000017,2.340000000000017,0.0
0.5292000000000014,0.5292000000000014,2.460000000000104,2.460000000000104,0.0
0.5808000000000035,0.5808000000000035,2.5800000000001044,2.5800000000001044,0.0
0.6348000000000058,0.6348000000000058,2.7000000000001134,2.7000000000001134,0.0
0.691200000000008,0.691200000000008,2.8200000000001113,2.8200000000001113,0.0
0.7500000000000104,0.7500000000000104,2.9400000000001203,2.9400000000001203,0.0
0.8112000000000129,0.8112000000000129,3.0600000000001235,3.0600000000001235,0.0
0.8748000000000156,0.8748000000000156,3.1800000000001325,3.1800000000001325,0.0
0.9408000000000183,0.9408000000000183,3.300000000000136,3.300000000000136,0.0
1.0092000000000212,1.0092000000000212,3.420000000000145,3.420000000000145,0.0
1.080000000000024,1.080000000000024,3.540000000000143,3.540000000000143,0.0
1.1532000000000269,1.1532000000000269,3.660000000000141,3.660000000000141,0.0
1.22880000000003,1.22880000000003,3.780000000000161,3.780000000000161,0.0
1.3068000000000333,1.3068000000000333,3.900000000000159,3.900000000000159,0.0
1.3872000000000368,1.3872000000000368,4.020000000000179,4.020000000000179,0.0
1.47000000000004,1.47000000000004,4.140000000000154,4.140000000000154,0.0
1.5552000000000434,1.5552000000000434,4.260000000000175,4.260000000000175,0.0
1.642800000000047,1.642800000000047,4.380000000000172,4.380000000000172,0.0
1.7328000000000505,1.7328000000000505,4.500000000000181,4.500000000000181,0.0
1.8252000000000543,1.8252000000000543,4.62000000000019,4.62000000000019,0.0
1.9200000000000579,1.9200000000000579,4.740000000000177,4.740000000000177,0.0
2.017200000000062,2.017200000000062,4.860000000000208,4.860000000000208,0.0
2.116800000000066,2.116800000000066,4.9800000000002065,4.9800000000002065,0.0
2.2188000000000705,2.2188000000000705,5.1000000000002155,5.1000000000002155,0.0
2.3232000000000745,2.3232000000000745,5.220000000000202,5.220000000000202,0.0
2.430000000000079,2.430000000000079,5.3400000000002334,5.3400000000002334,0.0
2.539200000000084,2.539200000000084,5.460000000000242,5.460000000000242,0.0
2.6508000000000886,2.6508000000000886,5.580000000000229,5.580000000000229,0.0
2.764800000000093,2.764800000000093,5.700000000000216,5.700000000000216,0.0
2.881200000000098,2.881200000000098,5.820000000000247,5.820000000000247,0.0
3.0000000000001026,3.0000000000001026,5.940000000000234,5.940000000000234,0.0
3.120000000000107,3.120000000000107,6.000000000000227,6.000000000000227,0.0
3.2400000000001126,3.2400000000001126,6.000000000000272,6.000000000000272,0.0
3.3600000000001176,3.3600000000001176,6.00000000000025,6.00000000000025,0.0
3.4800000000001226,3.4800000000001226,6.00000000000025,6.00000000000025,0.0
3.600000000000127,3.600000000000127,6.000000000000227,6.000000000000227,0.0
3.7200000000001325,3.7200000000001325,6.000000000000272,6.000000000000272,0.0
3.840000000000105,3.840000000000105,5.999999999998629,5.999999999998629,0.0
3.9600000000000684,3.9600000000000684,5.999999999998162,5.999999999998162,0.0
4.080000000000032,4.080000000000032,5.999999999998185,5.999999999998185,0.0
4.199999999999997,4.199999999999997,5.999999999998229,5.999999999998229,0.0
4.3199999999999585,4.3199999999999585,5.999999999998096,5.999999999998096,0.0
4.439999999999922,4.439999999999922,5.999999999998185,5.999999999998185,0.0
4.559999999999886,4.559999999999886,5.999999999998185,5.999999999998185,0.0
4.67999999999985,4.67999999999985,5.999999999998185,5.999999999998185,0.0
4.799999999999812,4.799999999999812,5.99999999999814,5.99999999999814,0.0
4.919999999999776,4.919999999999776,5.999999999998185,5.999999999998185,0.0
5.03999999999974,5.03999999999974,5.999999999998185,5.999999999998185,0.0
5.159999999999703,5.159999999999703,5.99999999999814,5.99999999999814,0.0
5.279999999999665,5.279999999999665,5.99999999999814,5.99999999999814,0.0
5.399999999999629,5.399999999999629,5.999999999998185,5.999999999998185,0.0
5.519999999999593,5.519999999999593,5.999999999998185,5.999999999998185,0.0
5.6399999999995565,5.6399999999995565,5.999999999998185,5.999999999998185,0.0
5.759999999999519,5.759999999999519,5.99999999999814,5.99999999999814,0.0
5.879999999999483,5.879999999999483,5.999999999998185,5.999999999998185,0.0
5.999999999999447,5.999999999999447,5.999999999998185,5.999999999998185,0.0
6.1199999999994095,6.1199999999994095,5.99999999999814,5.99999999999814,0.0
6.239999999999373,6.239999999999373,5.999999999998185,5.999999999998185,0.0
6.359999999999336,6.359999999999336,5.99999999999814,5.99999999999814,0.0
6.4799999999993,6.4799999999993,5.999999999998185,5.999999999998185,0.0
6.599999999999263,6.599999999999263,5.999999999998185,5.999999999998185,0.0
6.719999999999226,6.719999999999226,5.99999999999814,5.99999999999814,0.0
6.83999999999919,6.83999999999919,5.999999999998185,5.999999999998185,0.0
6.9599999999991535,6.9599999999991535,5.999999999998185,5.999999999998185,0.0
7.079999999999116,7.079999999999116,5.99999999999814,5.99999999999814,0.0
7.19999999999908,7.19999999999908,5.999999999998185,5.999999999998185,0.0
7.319999999999043,7.319999999999043,5.99999999999814,5.99999999999814,0.0
7.4399999999990065,7.4399999999990065,5.999999999998185,5.999999999998185,0.0
7.559999999999011,7.559999999999011,6.000000000000227,6.000000000000227,0.0
7.679999999999057,7.679999999999057,6.000000000002315,6.000000000002315,0.0
7.7999999999991045,7.7999999999991045,6.000000000002359,6.000000000002359,0.0
7.919999999999151,7.919999999999151,6.000000000002315,6.000000000002315,0.0
8.039999999999198,8.039999999999198,6.000000000002359,6.000000000002359,0.0
8.159999999999245,8.159999999999245,6.000000000002359,6.000000000002359,0.0
8.279999999999289,8.279999999999289,6.000000000002181,6.000000000002181,0.0
8.399999999999336,8.399999999999336,6.000000000002359,6.000000000002359,0.0
8.51999999999938,8.51999999999938,6.000000000002181,6.000000000002181,0.0
8.639999999999427,8.639999999999427,6.000000000002359,6.000000000002359,0.0
8.759999999999472,8.759999999999472,6.00000000000227,6.00000000000227,0.0
8.879999999999518,8.879999999999518,6.00000000000227,6.00000000000227,0.0
8.999999999999563,8.999999999999563,6.00000000000227,6.00000000000227,0.0
9.11999999999961,9.11999999999961,6.000000000002359,6.000000000002359,0.0
9.239999999999656,9.239999999999656,6.00000000000227,6.00000000000227,0.0
9.359999999999701,9.359999999999701,6.00000000000227,6.00000000000227,0.0
9.479999999999746,9.479999999999746,6.00000000000227,6.00000000000227,0.0
9.599999999999792,9.599999999999792,6.00000000000227,6.00000000000227,0.0
9.719999999999839,9.719999999999839,6.000000000002359,6.000000000002359,0.0
9.839999999999884,9.839999999999884,6.00000000000227,6.00000000000227,0.0
9.95999999999993,9.95999999999993,6.00000000000227,6.00000000000227,0.0
10.079999999999975,10.079999999999975,6.00000000000227,6.00000000000227,0.0
10.200000000000022,10.200000000000022,6.000000000002359,6.000000000002359,0.0
10.320000000000068,10.320000000000068,6.00000000000227,6.00000000000227,0.0
10.440000000000115,10.440000000000115,6.000000000002359,6.000000000002359,0.0
10.560000000000159,10.560000000000159,6.000000000002181,6.000000000002181,0.0
10.680000000000206,10.680000000000206,6.000000000002359,6.000000000002359,0.0
10.800000000000251,10.800000000000251,6.00000000000227,6.00000000000227,0.0
10.920000000000297,10.920000000000297,6.00000000000227,6.00000000000227,0.0
11.040000000000342,11.040000000000342,6.00000000000227,6.00000000000227,0.0
11.160000000000387,11.160000000000387,6.00000000000227,6.00000000000227,0.0
11.280000000000433,11.280000000000433,6.00000000000227,6.00000000000227,0.0
11.400000000000478,11.400000000000478,6.00000000000227,6.00000000000227,0.0
11.520000000000525,11.520000000000525,6.000000000002359,6.000000000002359,0.0
11.640000000000569,11.640000000000569,6.000000000002181,6.000000000002181,0.0
11.760000000000616,11.760000000000616,6.000000000002359,6.000000000002359,0.0
11.880000000000662,11.880000000000662,6.00000000000227,6.00000000000227,0.0
12.000000000000709,12.000000000000709,6.000000000002359,6.000000000002359,0.0
12.120000000000754,12.120000000000754,6.00000000000227,6.00000000000227,0.0
12.2400000000008,12.2400000000008,6.00000000000227,6.00000000000227,0.0
12.360000000000845,12.360000000000845,6.00000000000227,6.00000000000227,0.0
12.480000000000892,12.480000000000892,6.000000000002359,6.000000000002359,0.0
12.600000000000938,12.600000000000938,6.00000000000227,6.00000000000227,0.0
12.720000000000983,12.720000000000983,6.00000000000227,6.00000000000227,0.0
12.840000000001027,12.840000000001027,6.000000000002181,6.000000000002181,0.0
12.960000000001074,12.960000000001074,6.000000000002359,6.000000000002359,0.0
13.08000000000112,13.08000000000112,6.00000000000227,6.00000000000227,0.0
13.200000000001165,13.200000000001165,6.00000000000227,6.00000000000227,0.0
13.320000000001212,13.320000000001212,6.000000000002359,6.000000000002359,0.0
13.440000000001255,13.440000000001255,6.000000000002181,6.000000000002181,0.0
13.560000000001303,13.560000000001303,6.000000000002359,6.000000000002359,0.0
13.680000000001348,13.680000000001348,6.00000000000227,6.00000000000227,0.0
13.800000000001395,13.800000000001395,6.000000000002359,6.000000000002359,0.0
13.920000000001439,13.920000000001439,6.000000000002181,6.000000000002181,0.0
14.040000000001486,14.040000000001486,6.000000000002359,6.000000000002359,0.0
14.160000000001531,14.160000000001531,6.00000000000227,6.00000000000227,0.0
14.280000000001579,14.280000000001579,6.000000000002359,6.000000000002359,0.0
14.400000000001624,14.400000000001624,6.00000000000227,6.00000000000227,0.0
14.52000000000167,14.52000000000167,6.00000000000227,6.00000000000227,0.0
14.640000000001713,14.640000000001713,6.000000000002181,6.000000000002181,0.0
14.76000000000176,14.76000000000176,6.000000000002359,6.000000000002359,0.0
14.880000000001806,14.880000000001806,6.00000000000227,6.00000000000227,0.0
15.000000000001851,15.000000000001851,6.00000000000227,6.00000000000227,0.0
15.12000000000173,15.12000000000173,5.999999999993921,5.999999999993921,0.0
15.24000000000161,15.24000000000161,5.99999999999401,5.99999999999401,0.0
15.36000000000149,15.36000000000149,5.99999999999401,5.99999999999401,0.0
15.48000000000137,15.48000000000137,5.99999999999401,5.99999999999401,0.0
15.600000000001243,15.600000000001243,5.999999999993655,5.999999999993655,0.0
15.720000000001123,15.720000000001123,5.99999999999401,5.99999999999401,0.0
15.840000000001003,15.840000000001003,5.99999999999401,5.99999999999401,0.0
15.960000000000884,15.960000000000884,5.99999999999401,5.99999999999401,0.0
16.08000000000076,16.08000000000076,5.999999999993744,5.999999999993744,0.0
16.200000000000642,16.200000000000642,5.999999999994188,5.999999999994188,0.0
16.320000000000523,16.320000000000523,5.99999999999401,5.99999999999401,0.0
16.440000000000403,16.440000000000403,5.99999999999401,5.99999999999401,0.0
16.560000000000283,16.560000000000283,5.99999999999401,5.99999999999401,0.0
16.680000000000167,16.680000000000167,5.999999999994188,5.999999999994188,0.0
16.800000000000047,16.800000000000047,5.99999999999401,5.99999999999401,0.0
16.919999999999927,16.919999999999927,5.99999999999401,5.99999999999401,0.0
17.039999999999807,17.039999999999807,5.99999999999401,5.99999999999401,0.0
17.15999999999969,17.15999999999969,5.999999999994188,5.999999999994188,0.0
17.27999999999957,17.27999999999957,5.99999999999401,5.99999999999401,0.0
17.39999999999945,17.39999999999945,5.99999999999401,5.99999999999401,0.0
17.519999999999335,17.519999999999335,5.999999999994188,5.999999999994188,0.0
17.639999999999215,17.639999999999215,5.99999999999401,5.99999999999401,0.0
17.759999999999096,17.759999999999096,5.99999999999401,5.99999999999401,0.0
17.879999999998976,17.879999999998976,5.99999999999401,5.99999999999401,0.0
17.99999999999886,17.99999999999886,5.999999999994188,5.999999999994188,0.0
18.11999999999874,18.11999999999874,5.99999999999401,5.99999999999401,0.0
18.23999999999862,18.23999999999862,5.99999999999401,5.99999999999401,0.0
18.3599999999985,18.3599999999985,5.99999999999401,5.99999999999401,0.0
18.479999999998384,18.479999999998384,5.999999999994188,5.999999999994188,0.0
18.599999999998264,18.599999999998264,5.99999999999401,5.99999999999401,0.0
18.719999999998144,18.719999999998144,5.99999999999401,5.99999999999401,0.0
18.839999999998025,18.839999999998025,5.99999999999401,5.99999999999401,0.0
18.95999999999791,18.95999999999791,5.999999999994188,5.999999999994188,0.0
19.07999999999779,19.07999999999779,5.99999999999401,5.99999999999401,0.0
19.19999999999767,19.19999999999767,5.99999999999401,5.99999999999401,0.0
19.319999999997552,19.319999999997552,5.999999999994188,5.999999999994188,0.0
19.439999999997433,19.439999999997433,5.99999999999401,5.99999999999401,0.0
19.559999999997313,19.559999999997313,5.99999999999401,5.99999999999401,0.0
19.679999999997193,19.679999999997193,5.99999999999401,5.99999999999401,0.0
19.799999999997077,19.799999999997077,5.999999999994188,5.999999999994188,0.0
19.919999999996957,19.919999999996957,5.99999999999401,5.99999999999401,0.0
20.039999999996837,20.039999999996837,5.99999999999401,5.99999999999401,0.0
20.159999999996717,20.159999999996717,5.99999999999401,5.99999999999401,0.0
20.2799999999966,20.2799999999966,5.999999999994188,5.999999999994188,0.0
20.39999999999648,20.39999999999648,5.99999999999401,5.99999999999401,0.0
20.51999999999636,20.51999999999636,5.99999999999401,5.99999999999401,0.0
20.63999999999624,20.63999999999624,5.9999999999938325,5.9999999999938325,0.0
20.759999999996122,20.759999999996122,5.999999999994188,5.999999999994188,0.0
20.879999999996002,20.879999999996002,5.99999999999401,5.99999999999401,0.0
20.999999999995882,20.999999999995882,5.99999999999401,5.99999999999401,0.0
21.119999999995766,21.119999999995766,5.999999999994188,5.999999999994188,0.0
21.239999999995646,21.239999999995646,5.99999999999401,5.99999999999401,0.0
21.359999999995527,21.359999999995527,5.99999999999401,5.99999999999401,0.0
21.479999999995407,21.479999999995407,5.99999999999401,5.99999999999401,0.0
21.59999999999529,21.59999999999529,5.999999999994188,5.999999999994188,0.0
21.71999999999517,21.71999999999517,5.99999999999401,5.99999999999401,0.0
21.83999999999505,21.83999999999505,5.99999999999401,5.99999999999401,0.0
21.95999999999493,21.95999999999493,5.99999999999401,5.99999999999401,0.0
22.079999999994815,22.079999999994815,5.999999999994188,5.999999999994188,0.0
22.199999999994695,22.199999999994695,5.99999999999401,5.99999999999401,0.0
22.319999999994575,22.319999999994575,5.99999999999401,5.99999999999401,0.0
22.439999999994455,22.439999999994455,5.99999999999401,5.99999999999401,0.0
22.55999999999434,22.55999999999434,5.999999999994188,5.999999999994188,0.0
22.67999999999422,22.67999999999422,5.99999999999401,5.99999999999401,0.0
22.7999999999941,22.7999999999941,5.99999999999401,5.99999999999401,0.0
22.919999999993983,22.919999999993983,5.999999999994188,5.999999999994188,0.0
23.039999999993864,23.039999999993864,5.99999999999401,5.99999999999401,0.0
23.159999999993744,23.159999999993744,5.99999999999401,5.99999999999401,0.0
23.279999999993624,23.279999999993624,5.99999999999401,5.99999999999401,0.0
23.399999999993504,23.399999999993504,5.99999999999401,5.99999999999401,0.0
23.519999999993388,23.519999999993388,5.999999999994188,5.999999999994188,0.0
23.639999999993265,23.639999999993265,5.9999999999938325,5.9999999999938325,0.0
23.75999999999315,23.75999999999315,5.999999999994188,5.999999999994188,0.0
23.87999999999303,23.87999999999303,5.99999999999401,5.99999999999401,0.0
23.99999999999291,23.99999999999291,5.99999999999401,5.99999999999401,0.0
24.11999999999279,24.11999999999279,5.99999999999401,5.99999999999401,0.0
24.23999999999267,24.23999999999267,5.99999999999401,5.99999999999401,0.0
24.359999999992553,24.359999999992553,5.999999999994188,5.999999999994188,0.0
24.47999999999243,24.47999999999243,5.9999999999938325,5.9999999999938325,0.0
24.59999999999231,24.59999999999231,5.99999999999401,5.99999999999401,0.0
24.719999999992194,24.719999999992194,5.999999999994188,5.999999999994188,0.0
24.839999999992074,24.839999999992074,5.99999999999401,5.99999999999401,0.0
24.959999999991954,24.959999999991954,5.99999999999401,5.99999999999401,0.0
25.079999999991834,25.079999999991834,5.99999999999401,5.99999999999401,0.0
25.199999999991718,25.199999999991718,5.999999999994188,5.999999999994188,0.0
25.319999999991598,25.319999999991598,5.99999999999401,5.99999999999401,0.0
25.43999999999148,25.43999999999148,5.99999999999401,5.99999999999401,0.0
25.55999999999136,25.55999999999136,5.99999999999401,5.99999999999401,0.0
25.679999999991242,25.679999999991242,5.999999999994188,5.999999999994188,0.0
25.799999999991122,25.799999999991122,5.99999999999401,5.99999999999401,0.0
25.919999999991003,25.919999999991003,5.99999999999401,5.99999999999401,0.0
26.039999999990883,26.039999999990883,5.99999999999401,5.99999999999401,0.0
26.159999999990767,26.159999999990767,5.999999999994188,5.999999999994188,0.0
26.279999999990647,26.279999999990647,5.99999999999401,5.99999999999401,0.0
26.399999999990527,26.399999999990527,5.99999999999401,5.99999999999401,0.0
26.51999999999041,26.51999999999041,5.999999999994188,5.999999999994188,0.0
26.63999999999029,26.63999999999029,5.99999999999401,5.99999999999401,0.0
26.75999999999017,26.75999999999017,5.99999999999401,5.99999999999401,0.0
26.87999999999005,26.87999999999005,5.99999999999401,5.99999999999401,0.0
26.999999999989935,26.999999999989935,5.999999999994188,5.999999999994188,0.0
27.119999999989815,27.119999999989815,5.99999999999401,5.99999999999401,0.0
27.239999999989696,27.239999999989696,5.99999999999401,5.99999999999401,0.0
27.359999999989576,27.359999999989576,5.99999999999401,5.99999999999401,0.0
27.47999999998946,27.47999999998946,5.999999999994188,5.999999999994188,0.0
27.59999999998934,27.59999999998934,5.99999999999401,5.99999999999401,0.0
27.71999999998922,27.71999999998922,5.99999999999401,5.99999999999401,0.0
27.8399999999891,27.8399999999891,5.99999999999401,5.99999999999401,0.0
27.959999999988984,27.959999999988984,5.999999999994188,5.999999999994188,0.0
28.079999999988864,28.079999999988864,5.99999999999401,5.99999999999401,0.0
28.19999999998874,28.19999999998874,5.9999999999938325,5.9999999999938325,0.0
28.319999999988624,28.319999999988624,5.999999999994188,5.999999999994188,0.0
28.439999999988505,28.439999999988505,5.99999999999401,5.99999999999401,0.0
28.559999999988385,28.559999999988385,5.99999999999401,5.99999999999401,0.0
28.679999999988265,28.679999999988265,5.99999999999401,5.99999999999401,0.0
28.79999999998815,28.79999999998815,5.999999999994188,5.999999999994188,0.0
28.91999999998803,28.91999999998803,5.99999999999401,5.99999999999401,0.0
29.03999999998791,29.03999999998791,5.99999999999401,5.99999999999401,0.0
29.15999999998779,29.15999999998779,5.99999999999401,5.99999999999401,0.0
29.279999999987673,29.279999999987673,5.999999999994188,5.999999999994188,0.0
29.399999999987553,29.399999999987553,5.99999999999401,5.99999999999401,0.0
29.519999999987434,29.519999999987434,5.99999999999401,5.99999999999401,0.0
29.639999999987314,29.639999999987314,5.99999999999401,5.99999999999401,0.0
29.759999999987198,29.759999999987198,5.999999999994188,5.999999999994188,0.0
29.879999999987078,29.879999999987078,5.99999999999401,5.99999999999401,0.0
29.999999999986958,29.999999999986958,5.99999999999401,5.99999999999401,0.0
30.119999999986838,30.119999999986838,5.99999999999401,5.99999999999401,0.0
30.23999999998672,30.23999999998672,5.99999999999401,5.99999999999401,0.0
30.359999999986606,30.359999999986606,5.999999999994365,5.999999999994365,0.0
30.479999999986486,30.479999999986486,5.99999999999401,5.99999999999401,0.0
30.599999999986366,30.599999999986366,5.99999999999401,5.99999999999401,0.0
30.719999999986246,30.719999999986246,5.99999999999401,5.99999999999401,0.0
30.839999999986127,30.839999999986127,5.99999999999401,5.99999999999401,0.0
30.959999999986007,30.959999999986007,5.99999999999401,5.99999999999401,0.0
31.079999999985887,31.079999999985887,5.99999999999401,5.99999999999401,0.0
31.199999999985767,31.199999999985767,5.99999999999401,5.99999999999401,0.0
31.319999999985654,31.319999999985654,5.999999999994365,5.999999999994365,0.0
31.43999999998553,31.43999999998553,5.9999999999938325,5.9999999999938325,0.0
31.559999999985415,31.559999999985415,5.999999999994188,5.999999999994188,0.0
31.67999999998529,31.67999999998529,5.9999999999938325,5.9999999999938325,0.0
31.799999999985175,31.799999999985175,5.999999999994188,5.999999999994188,0.0
31.919999999985052,31.919999999985052,5.9999999999938325,5.9999999999938325,0.0
32.039999999984936,32.039999999984936,5.999999999994188,5.999999999994188,0.0
32.15999999998481,32.15999999998481,5.9999999999938325,5.9999999999938325,0.0
32.279999999984696,32.279999999984696,5.999999999994188,5.999999999994188,0.0
32.399999999984566,32.399999999984566,5.999999999993477,5.999999999993477,0.0
32.51999999998445,32.51999999998445,5.999999999994188,5.999999999994188,0.0
32.63999999998432,32.63999999998432,5.999999999993477,5.999999999993477,0.0
32.7599999999842,32.7599999999842,5.999999999994188,5.999999999994188,0.0
32.87999999998408,32.87999999998408,5.9999999999938325,5.9999999999938325,0.0
32.999999999983956,32.999999999983956,5.9999999999938325,5.9999999999938325,0.0
33.11999999998383,33.11999999998383,5.9999999999938325,5.9999999999938325,0.0
33.23999999998371,33.23999999998371,5.9999999999938325,5.9999999999938325,0.0
33.359999999983586,33.359999999983586,5.9999999999938325,5.9999999999938325,0.0
33.47999999998347,33.47999999998347,5.999999999994188,5.999999999994188,0.0
33.599999999983346,33.599999999983346,5.9999999999938325,5.9999999999938325,0.0
33.71999999998322,33.71999999998322,5.9999999999938325,5.9999999999938325,0.0
33.83999999998309,33.83999999998309,5.999999999993477,5.999999999993477,0.0
33.95999999998297,33.95999999998297,5.9999999999938325,5.9999999999938325,0.0
34.07999999998285,34.07999999998285,5.999999999994188,5.999999999994188,0.0
34.19999999998272,34.19999999998272,5.999999999993477,5.999999999993477,0.0
34.319999999982606,34.319999999982606,5.999999999994188,5.999999999994188,0.0
34.439999999982476,34.439999999982476,5.999999999993477,5.999999999993477,0.0
34.55999999998236,34.55999999998236,5.999999999994188,5.999999999994188,0.0
34.679999999982236,34.679999999982236,5.9999999999938325,5.9999999999938325,0.0
34.79999999998211,34.79999999998211,5.9999999999938325,5.9999999999938325,0.0
34.91999999998199,34.91999999998199,5.9999999999938325,5.9999999999938325,0.0
35.039999999981866,35.039999999981866,5.9999999999938325,5.9999999999938325,0.0
35.15999999998174,35.15999999998174,5.9999999999938325,5.9999999999938325,0.0
35.27999999998163,35.27999999998163,5.999999999994188,5.999999999994188,0.0
35.3999999999815,35.3999999999815,5.9999999999938325,5.9999999999938325,0.0
35.51999999998138,35.51999999998138,5.9999999999938325,5.9999999999938325,0.0
35.63999999998126,35.63999999998126,5.9999999999938325,5.9999999999938325,0.0
35.75999999998113,35.75999999998113,5.9999999999938325,5.9999999999938325,0.0
35.87999999998102,35.87999999998102,5.999999999994188,5.999999999994188,0.0
35.999999999980886,35.999999999980886,5.999999999993477,5.999999999993477,0.0
36.11999999998077,36.11999999998077,5.999999999994188,5.999999999994188,0.0
36.23999999998064,36.23999999998064,5.999999999993477,5.999999999993477,0.0
36.35999999998052,36.35999999998052,5.999999999994188,5.999999999994188,0.0
36.4799999999804,36.4799999999804,5.9999999999938325,5.9999999999938325,0.0
36.59999999998028,36.59999999998028,5.9999999999938325,5.9999999999938325,0.0
36.71999999998015,36.71999999998015,5.9999999999938325,5.9999999999938325,0.0
36.83999999998003,36.83999999998003,5.9999999999938325,5.9999999999938325,0.0
36.95999999997991,36.95999999997991,5.9999999999938325,5.9999999999938325,0.0
37.07999999997979,37.07999999997979,5.999999999994188,5.999999999994188,0.0
37.19999999997966,37.19999999997966,5.999999999993477,5.999999999993477,0.0
37.319999999979544,37.319999999979544,5.999999999994188,5.999999999994188,0.0
37.43999999997941,37.43999999997941,5.999999999993477,5.999999999993477,0.0
37.5599999999793,37.5599999999793,5.999999999994188,5.999999999994188,0.0
37.679999999979174,37.679999999979174,5.9999999999938325,5.9999999999938325,0.0
37.79999999997905,37.79999999997905,5.9999999999938325,5.9999999999938325,0.0
37.91999999997893,37.91999999997893,5.9999999999938325,5.9999999999938325,0.0
38.039999999978804,38.039999999978804,5.9999999999938325,5.9999999999938325,0.0
38.15999999997869,38.15999999997869,5.999999999994188,5.999999999994188,0.0
38.279999999978564,38.279999999978564,5.9999999999938325,5.9999999999938325,0.0
38.39999999997844,38.39999999997844,5.9999999999938325,5.9999999999938325,0.0
38.51999999997832,38.51999999997832,5.9999999999938325,5.9999999999938325,0.0
38.639999999978194,38.639999999978194,5.9999999999938325,5.9999999999938325,0.0
38.75999999997807,38.75999999997807,5.9999999999938325,5.9999999999938325,0.0
38.879999999977954,38.879999999977954,5.999999999994188,5.999999999994188,0.0
38.999999999977824,38.999999999977824,5.999999999993477,5.999999999993477,0.0
39.11999999997771,39.11999999997771,5.999999999994188,5.999999999994188,0.0
39.23999999997758,39.23999999997758,5.999999999993477,5.999999999993477,0.0
39.35999999997746,39.35999999997746,5.999999999994188,5.999999999994188,0.0
39.47999999997734,39.47999999997734,5.9999999999938325,5.9999999999938325,0.0
39.599999999977214,39.599999999977214,5.9999999999938325,5.9999999999938325,0.0
39.71999999997709,39.71999999997709,5.9999999999938325,5.9999999999938325,0.0
39.83999999997697,39.83999999997697,5.9999999999938325,5.9999999999938325,0.0
39.959999999976844,39.959999999976844,5.9999999999938325,5.9999999999938325,0.0
40.07999999997673,40.07999999997673,5.999999999994188,5.999999999994188,0.0
40.1999999999766,40.1999999999766,5.999999999993477,5.999999999993477,0.0
40.31999999997648,40.31999999997648,5.999999999994188,5.999999999994188,0.0
40.43999999997636,40.43999999997636,5.9999999999938325,5.9999999999938325,0.0
40.559999999976235,40.559999999976235,5.9999999999938325,5.9999999999938325,0.0
40.67999999997612,40.67999999997612,5.999999999994188,5.999999999994188,0.0
40.79999999997599,40.79999999997599,5.999999999993477,5.999999999993477,0.0
40.91999999997587,40.91999999997587,5.999999999994188,5.999999999994188,0.0
41.03999999997574,41.03999999997574,5.999999999993477,5.999999999993477,0.0
41.159999999975625,41.159999999975625,5.999999999994188,5.999999999994188,0.0
41.279999999975495,41.279999999975495,5.999999999993477,5.999999999993477,0.0
41.39999999997537,41.39999999997537,5.9999999999938325,5.9999999999938325,0.0
41.51999999997525,41.51999999997525,5.9999999999938325,5.9999999999938325,0.0
41.639999999975124,41.639999999975124,5.9999999999938325,5.9999999999938325,0.0
41.759999999975,41.759999999975,5.9999999999938325,5.9999999999938325,0.0
41.879999999974885,41.879999999974885,5.999999999994188,5.999999999994188,0.0
41.999999999974754,41.999999999974754,5.999999999993477,5.999999999993477,0.0
42.11999999997464,42.11999999997464,5.999999999994188,5.999999999994188,0.0
42.239999999974515,42.239999999974515,5.9999999999938325,5.9999999999938325,0.0
42.35999999997439,42.35999999997439,5.9999999999938325,5.9999999999938325,0.0
42.47999999997427,42.47999999997427,5.9999999999938325,5.9999999999938325,0.0
42.599999999974145,42.599999999974145,5.9999999999938325,5.9999999999938325,0.0
42.71999999997403,42.71999999997403,5.999999999994188,5.999999999994188,0.0
42.8399999999739,42.8399999999739,5.999999999993477,5.999999999993477,0.0
42.95999999997378,42.95999999997378,5.999999999994188,5.999999999994188,0.0
43.07999999997366,43.07999999997366,5.9999999999938325,5.9999999999938325,0.0
43.199999999973535,43.199999999973535,5.9999999999938325,5.9999999999938325,0.0
43.31999999997341,43.31999999997341,5.9999999999938325,5.9999999999938325,0.0
43.43999999997329,43.43999999997329,5.9999999999938325,5.9999999999938325,0.0
43.559999999973165,43.559999999973165,5.9999999999938325,5.9999999999938325,0.0
43.67999999997305,43.67999999997305,5.999999999994188,5.999999999994188,0.0
43.79999999997292,43.79999999997292,5.999999999993477,5.999999999993477,0.0
43.9199999999728,43.9199999999728,5.999999999994188,5.999999999994188,0.0
44.03999999997267,44.03999999997267,5.999999999993477,5.999999999993477,0.0
44.159999999972555,44.159999999972555,5.999999999994188,5.999999999994188,0.0
44.27999999997243,44.27999999997243,5.9999999999938325,5.9999999999938325,0.0
44.39999999997231,44.39999999997231,5.9999999999938325,5.9999999999938325,0.0
44.519999999972185,44.519999999972185,5.9999999999938325,5.9999999999938325,0.0
44.63999999997206,44.63999999997206,5.9999999999938325,5.9999999999938325,0.0
44.75999999997194,44.75999999997194,5.9999999999938325,5.9999999999938325,0.0
44.87999999997182,44.87999999997182,5.999999999994188,5.999999999994188,0.0
44.9999999999717,44.9999999999717,5.9999999999938325,5.9999999999938325,0.0
45.119999999971576,45.119999999971576,5.9999999999938325,5.9999999999938325,0.0
45.23999999997145,45.23999999997145,5.9999999999938325,5.9999999999938325,0.0
45.35999999997133,45.35999999997133,5.9999999999938325,5.9999999999938325,0.0
45.47999999997121,45.47999999997121,5.999999999994188,5.999999999994188,0.0
45.59999999997108,45.59999999997108,5.999999999993477,5.999999999993477,0.0
45.719999999970966,45.719999999970966,5.999999999994188,5.999999999994188,0.0
45.839999999970836,45.839999999970836,5.999999999993477,5.999999999993477,0.0
45.95999999997072,45.95999999997072,5.999999999994188,5.999999999994188,0.0
46.079999999970596,46.079999999970596,5.9999999999938325,5.9999999999938325,0.0
46.19999999997047,46.19999999997047,5.9999999999938325,5.9999999999938325,0.0
46.31999999997035,46.31999999997035,5.9999999999938325,5.9999999999938325,0.0
46.439999999970226,46.439999999970226,5.9999999999938325,5.9999999999938325,0.0
46.5599999999701,46.5599999999701,5.9999999999938325,5.9999999999938325,0.0
46.679999999969986,46.679999999969986,5.999999999994188,5.999999999994188,0.0
46.799999999969856,46.799999999969856,5.999999999993477,5.999999999993477,0.0
46.91999999996974,46.91999999996974,5.999999999994188,5.999999999994188,0.0
47.03999999996961,47.03999999996961,5.999999999993477,5.999999999993477,0.0
47.15999999996949,47.15999999996949,5.999999999994188,5.999999999994188,0.0
47.27999999996938,47.27999999996938,5.999999999994188,5.999999999994188,0.0
47.399999999969246,47.399999999969246,5.999999999993477,5.999999999993477,0.0
47.51999999996913,47.51999999996913,5.999999999994188,5.999999999994188,0.0
47.639999999969,47.639999999969,5.999999999993477,5.999999999993477,0.0
47.75999999996888,47.75999999996888,5.999999999994188,5.999999999994188,0.0
47.87999999996876,47.87999999996876,5.9999999999938325,5.9999999999938325,0.0
47.99999999996864,47.99999999996864,5.9999999999938325,5.9999999999938325,0.0
48.11999999996851,48.11999999996851,5.9999999999938325,5.9999999999938325,0.0
48.23999999996839,48.23999999996839,5.9999999999938325,5.9999999999938325,0.0
48.35999999996827,48.35999999996827,5.9999999999938325,5.9999999999938325,0.0
48.47999999996815,48.47999999996815,5.999999999994188,5.999999999994188,0.0
48.59999999996802,48.59999999996802,5.999999999993477,5.999999999993477,0.0
48.719999999967904,48.719999999967904,5.999999999994188,5.999999999994188,0.0
48.839999999967766,48.839999999967766,5.999999999993122,5.999999999993122,0.0
48.95999999996765,48.95999999996765,5.999999999994188,5.999999999994188,0.0
49.07999999996753,49.07999999996753,5.9999999999938325,5.9999999999938325,0.0
49.1999999999674,49.1999999999674,5.9999999999938325,5.9999999999938325,0.0
49.31999999996728,49.31999999996728,5.9999999999938325,5.9999999999938325,0.0
49.439999999967156,49.439999999967156,5.9999999999938325,5.9999999999938325,0.0
49.55999999996704,49.55999999996704,5.999999999994188,5.999999999994188,0.0
49.67999999996692,49.67999999996692,5.9999999999938325,5.9999999999938325,0.0
49.79999999996679,49.79999999996679,5.9999999999938325,5.9999999999938325,0.0
49.91999999996667,49.91999999996667,5.9999999999938325,5.9999999999938325,0.0
50.03999999996655,50.03999999996655,5.9999999999938325,5.9999999999938325,0.0
50.15999999996642,50.15999999996642,5.9999999999938325,5.9999999999938325,0.0
50.27999999996631,50.27999999996631,5.999999999994188,5.999999999994188,0.0
50.39999999996618,50.39999999996618,5.999999999993477,5.999999999993477,0.0
50.51999999996606,50.51999999996606,5.999999999994188,5.999999999994188,0.0
50.63999999996593,50.63999999996593,5.999999999993477,5.999999999993477,0.0
50.759999999965814,50.759999999965814,5.999999999994188,5.999999999994188,0.0
50.87999999996569,50.87999999996569,5.9999999999938325,5.9999999999938325,0.0
50.99999999996557,50.99999999996557,5.9999999999938325,5.9999999999938325,0.0
51.119999999965444,51.119999999965444,5.9999999999938325,5.9999999999938325,0.0
51.23999999996532,51.23999999996532,5.9999999999938325,5.9999999999938325,0.0
51.3599999999652,51.3599999999652,5.9999999999938325,5.9999999999938325,0.0
51.47999999996508,51.47999999996508,5.999999999994188,5.999999999994188,0.0
51.59999999996495,51.59999999996495,5.999999999993477,5.999999999993477,0.0
51.719999999964834,51.719999999964834,5.999999999994188,5.999999999994188,0.0
51.83999999996471,51.83999999996471,5.9999999999938325,5.9999999999938325,0.0
51.95999999996459,51.95999999996459,5.9999999999938325,5.9999999999938325,0.0
52.07999999996447,52.07999999996447,5.999999999994188,5.999999999994188,0.0
52.19999999996434,52.19999999996434,5.999999999993477,5.999999999993477,0.0
52.319999999964224,52.319999999964224,5.999999999994188,5.999999999994188,0.0
52.439999999964094,52.439999999964094,5.999999999993477,5.999999999993477,0.0
52.55999999996398,52.55999999996398,5.999999999994188,5.999999999994188,0.0
52.679999999963854,52.679999999963854,5.9999999999938325,5.9999999999938325,0.0
52.79999999996373,52.79999999996373,5.9999999999938325,5.9999999999938325,0.0
52.91999999996361,52.91999999996361,5.9999999999938325,5.9999999999938325,0.0
53.039999999963484,53.039999999963484,5.9999999999938325,5.9999999999938325,0.0
53.15999999996336,53.15999999996336,5.9999999999938325,5.9999999999938325,0.0
53.279999999963245,53.279999999963245,5.999999999994188,5.999999999994188,0.0
53.399999999963114,53.399999999963114,5.999999999993477,5.999999999993477,0.0
53.519999999963,53.519999999963,5.999999999994188,5.999999999994188,0.0
53.63999999996287,53.63999999996287,5.999999999993477,5.999999999993477,0.0
53.75999999996275,53.75999999996275,5.999999999994188,5.999999999994188,0.0
53.87999999996263,53.87999999996263,5.9999999999938325,5.9999999999938325,0.0
53.999999999962505,53.999999999962505,5.9999999999938325,5.9999999999938325,0.0
54.11999999996239,54.11999999996239,5.999999999994188,5.999999999994188,0.0
54.23999999996226,54.23999999996226,5.999999999993477,5.999999999993477,0.0
54.35999999996214,54.35999999996214,5.999999999994188,5.999999999994188,0.0
54.47999999996202,54.47999999996202,5.9999999999938325,5.9999999999938325,0.0
54.599999999961895,54.599999999961895,5.9999999999938325,5.9999999999938325,0.0
54.71999999996177,54.71999999996177,5.9999999999938325,5.9999999999938325,0.0
54.83999999996165,54.83999999996165,5.9999999999938325,5.9999999999938325,0.0
54.959999999961525,54.959999999961525,5.9999999999938325,5.9999999999938325,0.0
55.07999999996141,55.07999999996141,5.999999999994188,5.999999999994188,0.0
55.19999999996128,55.19999999996128,5.999999999993477,5.999999999993477,0.0
55.31999999996116,55.31999999996116,5.999999999994188,5.999999999994188,0.0
55.43999999996103,55.43999999996103,5.999999999993477,5.999999999993477,0.0
55.559999999960915,55.559999999960915,5.999999999994188,5.999999999994188,0.0
55.67999999996079,55.67999999996079,5.9999999999938325,5.9999999999938325,0.0
55.79999999996067,55.79999999996067,5.9999999999938325,5.9999999999938325,0.0
55.919999999960545,55.919999999960545,5.9999999999938325,5.9999999999938325,0.0
56.03999999996042,56.03999999996042,5.9999999999938325,5.9999999999938325,0.0
56.1599999999603,56.1599999999603,5.9999999999938325,5.9999999999938325,0.0
56.279999999960175,56.279999999960175,5.9999999999938325,5.9999999999938325,0.0
56.39999999996005,56.39999999996005,5.9999999999938325,5.9999999999938325,0.0
56.51999999995993,56.51999999995993,5.9999999999938325,5.9999999999938325,0.0
56.639999999959805,56.639999999959805,5.9999999999938325,5.9999999999938325,0.0
56.75999999995968,56.75999999995968,5.9999999999938325,5.9999999999938325,0.0
56.879999999959566,56.879999999959566,5.999999999994188,5.999999999994188,0.0
56.999999999959435,56.999999999959435,5.999999999993477,5.999999999993477,0.0
57.11999999995932,57.11999999995932,5.999999999994188,5.999999999994188,0.0
57.23999999995919,57.23999999995919,5.999999999993477,5.999999999993477,0.0
57.35999999995907,57.35999999995907,5.999999999994188,5.999999999994188,0.0
57.47999999995895,57.47999999995895,5.9999999999938325,5.9999999999938325,0.0
57.599999999958825,57.599999999958825,5.9999999999938325,5.9999999999938325,0.0
57.7199999999587,57.7199999999587,5.9999999999938325,5.9999999999938325,0.0
57.83999999995858,57.83999999995858,5.9999999999938325,5.9999999999938325,0.0
57.959999999958455,57.959999999958455,5.9999999999938325,5.9999999999938325,0.0
58.07999999995834,58.07999999995834,5.999999999994188,5.999999999994188,0.0
58.19999999995821,58.19999999995821,5.999999999993477,5.999999999993477,0.0
58.31999999995809,58.31999999995809,5.999999999994188,5.999999999994188,0.0
58.43999999995796,58.43999999995796,5.999999999993477,5.999999999993477,0.0
58.559999999957846,58.559999999957846,5.999999999994188,5.999999999994188,0.0
58.67999999995773,58.67999999995773,5.999999999994188,5.999999999994188,0.0
58.7999999999576,58.7999999999576,5.999999999993477,5.999999999993477,0.0
58.91999999995748,58.91999999995748,5.999999999994188,5.999999999994188,0.0
59.03999999995735,59.03999999995735,5.999999999993477,5.999999999993477,0.0
59.159999999957236,59.159999999957236,5.999999999994188,5.999999999994188,0.0
59.27999999995711,59.27999999995711,5.9999999999938325,5.9999999999938325,0.0
59.39999999995699,59.39999999995699,5.9999999999938325,5.9999999999938325,0.0
59.519999999956866,59.519999999956866,5.9999999999938325,5.9999999999938325,0.0
59.63999999995674,59.63999999995674,5.9999999999938325,5.9999999999938325,0.0
59.75999999995662,59.75999999995662,5.9999999999938325,5.9999999999938325,0.0
59.8799999999565,59.8799999999565,5.999999999994188,5.999999999994188,0.0
59.99999999995637,59.99999999995637,5.999999999993477,5.999999999993477,0.0
60.11999999995692,60.11999999995692,6.000000000027228,6.000000000027228,0.0
60.23999999995746,60.23999999995746,6.000000000027228,6.000000000027228,0.0
60.359999999958006,60.359999999958006,6.000000000027228,6.000000000027228,0.0
60.47999999995855,60.47999999995855,6.000000000027228,6.000000000027228,0.0
60.5999999999591,60.5999999999591,6.000000000027583,6.000000000027583,0.0
60.71999999995963,60.71999999995963,6.0000000000265175,6.0000000000265175,0.0
60.83999999996018,60.83999999996018,6.000000000027228,6.000000000027228,0.0
60.95999999996073,60.95999999996073,6.000000000027583,6.000000000027583,0.0
61.079999999961274,61.079999999961274,6.000000000027228,6.000000000027228,0.0
61.19999999996182,61.19999999996182,6.000000000027228,6.000000000027228,0.0
61.31999999996235,61.31999999996235,6.0000000000265175,6.0000000000265175,0.0
61.4399999999629,61.4399999999629,6.000000000027583,6.000000000027583,0.0
61.559999999963445,61.559999999963445,6.000000000027228,6.000000000027228,0.0
61.67999999996399,61.67999999996399,6.000000000027228,6.000000000027228,0.0
61.799999999964534,61.799999999964534,6.000000000027228,6.000000000027228,0.0
61.91999999996507,61.91999999996507,6.000000000026873,6.000000000026873,0.0
62.039999999965616,62.039999999965616,6.000000000027228,6.000000000027228,0.0
62.15999999996616,62.15999999996616,6.000000000027228,6.000000000027228,0.0
62.279999999966705,62.279999999966705,6.000000000027228,6.000000000027228,0.0
62.39999999996726,62.39999999996726,6.000000000027583,6.000000000027583,0.0
62.51999999996779,62.51999999996779,6.0000000000265175,6.0000000000265175,0.0
62.63999999996833,62.63999999996833,6.000000000027228,6.000000000027228,0.0
62.75999999996888,62.75999999996888,6.000000000027583,6.000000000027583,0.0
62.87999999996943,62.87999999996943,6.000000000027228,6.000000000027228,0.0
62.99999999996997,62.99999999996997,6.000000000027228,6.000000000027228,0.0
63.1199999999705,63.1199999999705,6.0000000000265175,6.0000000000265175,0.0
63.239999999971054,63.239999999971054,6.000000000027583,6.000000000027583,0.0
63.3599999999716,63.3599999999716,6.000000000027228,6.000000000027228,0.0
63.479999999972144,63.479999999972144,6.000000000027228,6.000000000027228,0.0
63.599999999972695,63.599999999972695,6.000000000027583,6.000000000027583,0.0
63.719999999973226,63.719999999973226,6.0000000000265175,6.0000000000265175,0.0
63.83999999997377,63.83999999997377,6.000000000027228,6.000000000027228,0.0
63.959999999974315,63.959999999974315,6.000000000027228,6.000000000027228,0.0
64.07999999997486,64.07999999997486,6.000000000027228,6.000000000027228,0.0
64.1999999999754,64.1999999999754,6.000000000027228,6.000000000027228,0.0
64.31999999997596,64.31999999997596,6.0000000000279385,6.0000000000279385,0.0
64.43999999997652,64.43999999997652,6.0000000000279385,6.0000000000279385,0.0
64.55999999997707,64.55999999997707,6.000000000027228,6.000000000027228,0.0
64.67999999997761,64.67999999997761,6.000000000027228,6.000000000027228,0.0
64.79999999997817,64.79999999997817,6.0000000000279385,6.0000000000279385,0.0
64.91999999997871,64.91999999997871,6.000000000027228,6.000000000027228,0.0
65.03999999997926,65.03999999997926,6.000000000027228,6.000000000027228,0.0
65.15999999997982,65.15999999997982,6.0000000000279385,6.0000000000279385,0.0
65.27999999998036,65.27999999998036,6.000000000027228,6.000000000027228,0.0
65.3999999999809,65.3999999999809,6.000000000027228,6.000000000027228,0.0
65.51999999998148,65.51999999998148,6.000000000028649,6.000000000028649,0.0
65.63999999998202,65.63999999998202,6.000000000027228,6.000000000027228,0.0
65.75999999998257,65.75999999998257,6.000000000027228,6.000000000027228,0.0
65.87999999998313,65.87999999998313,6.0000000000279385,6.0000000000279385,0.0
65.99999999998367,65.99999999998367,6.000000000027228,6.000000000027228,0.0
66.11999999998422,66.11999999998422,6.000000000027228,6.000000000027228,0.0
66.23999999998478,66.23999999998478,6.0000000000279385,6.0000000000279385,0.0
66.35999999998532,66.35999999998532,6.000000000027228,6.000000000027228,0.0
66.47999999998586,66.47999999998586,6.000000000027228,6.000000000027228,0.0
66.59999999998644,66.59999999998644,6.000000000028649,6.000000000028649,0.0
66.71999999998698,66.71999999998698,6.000000000027228,6.000000000027228,0.0
66.83999999998753,66.83999999998753,6.000000000027228,6.000000000027228,0.0
66.95999999998809,66.95999999998809,6.0000000000279385,6.0000000000279385,0.0
67.07999999998863,67.07999999998863,6.000000000027228,6.000000000027228,0.0
67.19999999998917,67.19999999998917,6.000000000027228,6.000000000027228,0.0
67.31999999998973,67.31999999998973,6.0000000000279385,6.0000000000279385,0.0
67.43999999999028,67.43999999999028,6.000000000027228,6.000000000027228,0.0
67.55999999999081,67.55999999999081,6.0000000000265175,6.0000000000265175,0.0
67.67999999999137,67.67999999999137,6.0000000000279385,6.0000000000279385,0.0
67.79999999999193,67.79999999999193,6.0000000000279385,6.0000000000279385,0.0
67.91999999999247,67.91999999999247,6.000000000027228,6.000000000027228,0.0
68.03999999999303,68.03999999999303,6.0000000000279385,6.0000000000279385,0.0
68.15999999999357,68.15999999999357,6.000000000027228,6.000000000027228,0.0
68.27999999999412,68.27999999999412,6.000000000027228,6.000000000027228,0.0
68.39999999999468,68.39999999999468,6.0000000000279385,6.0000000000279385,0.0
68.51999999999522,68.51999999999522,6.000000000027228,6.000000000027228,0.0
68.63999999999577,68.63999999999577,6.000000000027228,6.000000000027228,0.0
68.75999999999632,68.75999999999632,6.0000000000279385,6.0000000000279385,0.0
68.87999999999688,68.87999999999688,6.0000000000279385,6.0000000000279385,0.0
68.99999999999743,68.99999999999743,6.000000000027228,6.000000000027228,0.0
69.11999999999799,69.11999999999799,6.0000000000279385,6.0000000000279385,0.0
69.23999999999853,69.23999999999853,6.000000000027228,6.000000000027228,0.0
69.35999999999908,69.35999999999908,6.000000000027228,6.000000000027228,0.0
69.47999999999963,69.47999999999963,6.0000000000279385,6.0000000000279385,0.0
69.6000000000002,69.6000000000002,6.0000000000279385,6.0000000000279385,0.0
69.72000000000074,69.72000000000074,6.000000000027228,6.000000000027228,0.0
69.8400000000013,69.8400000000013,6.0000000000279385,6.0000000000279385,0.0
69.96000000000184,69.96000000000184,6.000000000027228,6.000000000027228,0.0
70.0800000000024,70.0800000000024,6.0000000000279385,6.0000000000279385,0.0
70.20000000000296,70.20000000000296,6.0000000000279385,6.0000000000279385,0.0
70.3200000000035,70.3200000000035,6.000000000027228,6.000000000027228,0.0
70.44000000000405,70.44000000000405,6.000000000027228,6.000000000027228,0.0
70.5600000000046,70.5600000000046,6.0000000000279385,6.0000000000279385,0.0
70.68000000000515,70.68000000000515,6.000000000027228,6.000000000027228,0.0
70.8000000000057,70.8000000000057,6.000000000027228,6.000000000027228,0.0
70.92000000000625,70.92000000000625,6.0000000000279385,6.0000000000279385,0.0
71.0400000000068,71.0400000000068,6.000000000027228,6.000000000027228,0.0
71.16000000000736,71.16000000000736,6.0000000000279385,6.0000000000279385,0.0
71.28000000000792,71.28000000000792,6.0000000000279385,6.0000000000279385,0.0
71.40000000000846,71.40000000000846,6.000000000027228,6.000000000027228,0.0
71.520000000009,71.520000000009,6.000000000027228,6.000000000027228,0.0
71.64000000000956,71.64000000000956,6.0000000000279385,6.0000000000279385,0.0
71.76000000001011,71.76000000001011,6.000000000027228,6.000000000027228,0.0
71.88000000001065,71.88000000001065,6.000000000027228,6.000000000027228,0.0
72.00000000001121,72.00000000001121,6.0000000000279385,6.0000000000279385,0.0
72.12000000001176,72.12000000001176,6.000000000027228,6.000000000027228,0.0
72.2400000000123,72.2400000000123,6.000000000027228,6.000000000027228,0.0
72.36000000001286,72.36000000001286,6.0000000000279385,6.0000000000279385,0.0
72.48000000001342,72.48000000001342,6.0000000000279385,6.0000000000279385,0.0
72.60000000001396,72.60000000001396,6.000000000027228,6.000000000027228,0.0
72.72000000001452,72.72000000001452,6.0000000000279385,6.0000000000279385,0.0
72.84000000001507,72.84000000001507,6.000000000027228,6.000000000027228,0.0
72.96000000001561,72.96000000001561,6.000000000027228,6.000000000027228,0.0
73.08000000001617,73.08000000001617,6.0000000000279385,6.0000000000279385,0.0
73.20000000001671,73.20000000001671,6.000000000027228,6.000000000027228,0.0
73.32000000001726,73.32000000001726,6.000000000027228,6.000000000027228,0.0
73.44000000001782,73.44000000001782,6.0000000000279385,6.0000000000279385,0.0
73.56000000001838,73.56000000001838,6.0000000000279385,6.0000000000279385,0.0
73.68000000001891,73.68000000001891,6.0000000000265175,6.0000000000265175,0.0
73.80000000001947,73.80000000001947,6.0000000000279385,6.0000000000279385,0.0
73.92000000002001,73.92000000002001,6.000000000027228,6.000000000027228,0.0
74.04000000002056,74.04000000002056,6.000000000027228,6.000000000027228,0.0
74.16000000002111,74.16000000002111,6.0000000000279385,6.0000000000279385,0.0
74.28000000002166,74.28000000002166,6.000000000027228,6.000000000027228,0.0
74.4000000000222,74.4000000000222,6.000000000027228,6.000000000027228,0.0
74.52000000002276,74.52000000002276,6.0000000000279385,6.0000000000279385,0.0
74.64000000002332,74.64000000002332,6.0000000000279385,6.0000000000279385,0.0
74.76000000002387,74.76000000002387,6.000000000027228,6.000000000027228,0.0
74.88000000002442,74.88000000002442,6.0000000000279385,6.0000000000279385,0.0
75.00000000002497,75.00000000002497,6.000000000027228,6.000000000027228,0.0
75.12000000002551,75.12000000002551,6.000000000027228,6.000000000027228,0.0
75.24000000002607,75.24000000002607,6.0000000000279385,6.0000000000279385,0.0
75.36000000002662,75.36000000002662,6.000000000027228,6.000000000027228,0.0
75.48000000002716,75.48000000002716,6.000000000027228,6.000000000027228,0.0
75.60000000002772,75.60000000002772,6.0000000000279385,6.0000000000279385,0.0
75.72000000002828,75.72000000002828,6.0000000000279385,6.0000000000279385,0.0
75.84000000002882,75.84000000002882,6.000000000027228,6.000000000027228,0.0
75.96000000002938,75.96000000002938,6.0000000000279385,6.0000000000279385,0.0
76.08000000002993,76.08000000002993,6.000000000027228,6.000000000027228,0.0
76.20000000003047,76.20000000003047,6.000000000027228,6.000000000027228,0.0
76.32000000003103,76.32000000003103,6.0000000000279385,6.0000000000279385,0.0
76.44000000003157,76.44000000003157,6.000000000027228,6.000000000027228,0.0
76.56000000003212,76.56000000003212,6.000000000027228,6.000000000027228,0.0
76.68000000003268,76.68000000003268,6.0000000000279385,6.0000000000279385,0.0
76.80000000003322,76.80000000003322,6.000000000027228,6.000000000027228,0.0
76.92000000003378,76.92000000003378,6.0000000000279385,6.0000000000279385,0.0
77.04000000003434,77.04000000003434,6.0000000000279385,6.0000000000279385,0.0
77.16000000003488,77.16000000003488,6.000000000027228,6.000000000027228,0.0
77.28000000003543,77.28000000003543,6.000000000027228,6.000000000027228,0.0
77.40000000003599,77.40000000003599,6.0000000000279385,6.0000000000279385,0.0
77.52000000003653,77.52000000003653,6.000000000027228,6.000000000027228,0.0
77.64000000003708,77.64000000003708,6.000000000027228,6.000000000027228,0.0
77.76000000003764,77.76000000003764,6.0000000000279385,6.0000000000279385,0.0
77.88000000003818,77.88000000003818,6.000000000027228,6.000000000027228,0.0
78.00000000003874,78.00000000003874,6.0000000000279385,6.0000000000279385,0.0
78.1200000000393,78.1200000000393,6.0000000000279385,6.0000000000279385,0.0
78.24000000003984,78.24000000003984,6.000000000027228,6.000000000027228,0.0
78.36000000004039,78.36000000004039,6.000000000027228,6.000000000027228,0.0
78.48000000004095,78.48000000004095,6.0000000000279385,6.0000000000279385,0.0
78.60000000004149,78.60000000004149,6.000000000027228,6.000000000027228,0.0
78.72000000004203,78.72000000004203,6.000000000027228,6.000000000027228,0.0
78.8400000000426,78.8400000000426,6.0000000000279385,6.0000000000279385,0.0
78.96000000004314,78.96000000004314,6.000000000027228,6.000000000027228,0.0
79.08000000004368,79.08000000004368,6.000000000027228,6.000000000027228,0.0
79.20000000004424,79.20000000004424,6.0000000000279385,6.0000000000279385,0.0
79.3200000000448,79.3200000000448,6.0000000000279385,6.0000000000279385,0.0
79.44000000004534,79.44000000004534,6.000000000027228,6.000000000027228,0.0
79.5600000000459,79.5600000000459,6.0000000000279385,6.0000000000279385,0.0
79.68000000004645,79.68000000004645,6.000000000027228,6.000000000027228,0.0
79.80000000004699,79.80000000004699,6.000000000027228,6.000000000027228,0.0
79.92000000004755,79.92000000004755,6.0000000000279385,6.0000000000279385,0.0
80.0400000000481,80.0400000000481,6.000000000027228,6.000000000027228,0.0
80.16000000004864,80.16000000004864,6.000000000027228,6.000000000027228,0.0
80.2800000000492,80.2800000000492,6.0000000000279385,6.0000000000279385,0.0
80.40000000004976,80.40000000004976,6.0000000000279385,6.0000000000279385,0.0
80.5200000000503,80.5200000000503,6.000000000027228,6.000000000027228,0.0
80.64000000005086,80.64000000005086,6.0000000000279385,6.0000000000279385,0.0
80.7600000000514,80.7600000000514,6.000000000027228,6.000000000027228,0.0
80.88000000005195,80.88000000005195,6.000000000027228,6.000000000027228,0.0
81.00000000005251,81.00000000005251,6.0000000000279385,6.0000000000279385,0.0
81.12000000005305,81.12000000005305,6.000000000027228,6.000000000027228,0.0
81.2400000000536,81.2400000000536,6.000000000027228,6.000000000027228,0.0
81.36000000005416,81.36000000005416,6.0000000000279385,6.0000000000279385,0.0
81.4800000000547,81.4800000000547,6.000000000027228,6.000000000027228,0.0
81.60000000005526,81.60000000005526,6.0000000000279385,6.0000000000279385,0.0
81.72000000005582,81.72000000005582,6.0000000000279385,6.0000000000279385,0.0
81.84000000005636,81.84000000005636,6.000000000027228,6.000000000027228,0.0
81.96000000005691,81.96000000005691,6.000000000027228,6.000000000027228,0.0
82.08000000005747,82.08000000005747,6.0000000000279385,6.0000000000279385,0.0
82.20000000005801,82.20000000005801,6.000000000027228,6.000000000027228,0.0
82.32000000005856,82.32000000005856,6.000000000027228,6.000000000027228,0.0
82.44000000005911,82.44000000005911,6.0000000000279385,6.0000000000279385,0.0
82.56000000005966,82.56000000005966,6.000000000027228,6.000000000027228,0.0
82.68000000006022,82.68000000006022,6.0000000000279385,6.0000000000279385,0.0
82.80000000006078,82.80000000006078,6.0000000000279385,6.0000000000279385,0.0
82.92000000006132,82.92000000006132,6.000000000027228,6.000000000027228,0.0
83.04000000006187,83.04000000006187,6.000000000027228,6.000000000027228,0.0
83.16000000006242,83.16000000006242,6.0000000000279385,6.0000000000279385,0.0
83.28000000006297,83.28000000006297,6.000000000027228,6.000000000027228,0.0
83.40000000006351,83.40000000006351,6.000000000027228,6.000000000027228,0.0
83.52000000006407,83.52000000006407,6.0000000000279385,6.0000000000279385,0.0
83.64000000006462,83.64000000006462,6.000000000027228,6.000000000027228,0.0
83.76000000006516,83.76000000006516,6.000000000027228,6.000000000027228,0.0
83.88000000006573,83.88000000006573,6.000000000028649,6.000000000028649,0.0
84.00000000006628,84.00000000006628,6.000000000027228,6.000000000027228,0.0
84.12000000006682,84.12000000006682,6.000000000027228,6.000000000027228,0.0
84.24000000006738,84.24000000006738,6.0000000000279385,6.0000000000279385,0.0
84.36000000006793,84.36000000006793,6.000000000027228,6.000000000027228,0.0
84.48000000006847,84.48000000006847,6.000000000027228,6.000000000027228,0.0
84.60000000006903,84.60000000006903,6.0000000000279385,6.0000000000279385,0.0
84.72000000006958,84.72000000006958,6.000000000027228,6.000000000027228,0.0
84.84000000007012,84.84000000007012,6.000000000027228,6.000000000027228,0.0
84.96000000007069,84.96000000007069,6.000000000028649,6.000000000028649,0.0
85.08000000007124,85.08000000007124,6.000000000027228,6.000000000027228,0.0
85.20000000007178,85.20000000007178,6.000000000027228,6.000000000027228,0.0
85.32000000007234,85.32000000007234,6.0000000000279385,6.0000000000279385,0.0
85.44000000007289,85.44000000007289,6.000000000027228,6.000000000027228,0.0
85.56000000007343,85.56000000007343,6.000000000027228,6.000000000027228,0.0
85.68000000007399,85.68000000007399,6.0000000000279385,6.0000000000279385,0.0
85.80000000007453,85.80000000007453,6.000000000027228,6.000000000027228,0.0
85.92000000007508,85.92000000007508,6.000000000027228,6.000000000027228,0.0
86.04000000007564,86.04000000007564,6.0000000000279385,6.0000000000279385,0.0
86.1600000000762,86.1600000000762,6.0000000000279385,6.0000000000279385,0.0
86.28000000007674,86.28000000007674,6.000000000027228,6.000000000027228,0.0
86.4000000000773,86.4000000000773,6.0000000000279385,6.0000000000279385,0.0
86.52000000007784,86.52000000007784,6.000000000027228,6.000000000027228,0.0
86.64000000007839,86.64000000007839,6.000000000027228,6.000000000027228,0.0
86.76000000007895,86.76000000007895,6.0000000000279385,6.0000000000279385,0.0
86.88000000007949,86.88000000007949,6.000000000027228,6.000000000027228,0.0
87.00000000008004,87.00000000008004,6.000000000027228,6.000000000027228,0.0
87.1200000000806,87.1200000000806,6.0000000000279385,6.0000000000279385,0.0
87.24000000008115,87.24000000008115,6.0000000000279385,6.0000000000279385,0.0
87.3600000000817,87.3600000000817,6.000000000027228,6.000000000027228,0.0
87.48000000008226,87.48000000008226,6.0000000000279385,6.0000000000279385,0.0
87.6000000000828,87.6000000000828,6.000000000027228,6.000000000027228,0.0
87.72000000008335,87.72000000008335,6.000000000027228,6.000000000027228,0.0
87.8400000000839,87.8400000000839,6.0000000000279385,6.0000000000279385,0.0
87.96000000008445,87.96000000008445,6.000000000027228,6.000000000027228,0.0
88.080000000085,88.080000000085,6.000000000027228,6.000000000027228,0.0
88.20000000008555,88.20000000008555,6.0000000000279385,6.0000000000279385,0.0
88.3200000000861,88.3200000000861,6.000000000027228,6.000000000027228,0.0
88.44000000008666,88.44000000008666,6.0000000000279385,6.0000000000279385,0.0
88.56000000008721,88.56000000008721,6.0000000000279385,6.0000000000279385,0.0
88.68000000008774,88.68000000008774,6.0000000000265175,6.0000000000265175,0.0
88.80000000008829,88.80000000008829,6.000000000027228,6.000000000027228,0.0
88.92000000008885,88.92000000008885,6.0000000000279385,6.0000000000279385,0.0
89.04000000008939,89.04000000008939,6.000000000027228,6.000000000027228,0.0
89.16000000008994,89.16000000008994,6.000000000027228,6.000000000027228,0.0
89.2800000000905,89.2800000000905,6.0000000000279385,6.0000000000279385,0.0
89.40000000009104,89.40000000009104,6.000000000027228,6.000000000027228,0.0
89.5200000000916,89.5200000000916,6.0000000000279385,6.0000000000279385,0.0
89.64000000009216,89.64000000009216,6.0000000000279385,6.0000000000279385,0.0
89.7600000000927,89.7600000000927,6.000000000027228,6.000000000027228,0.0
89.88000000009325,89.88000000009325,6.000000000027228,6.000000000027228,0.0
90.0000000000938,90.0000000000938,6.0000000000279385,6.0000000000279385,0.0
90.12000000009435,90.12000000009435,6.000000000027228,6.000000000027228,0.0
90.2400000000949,90.2400000000949,6.000000000027228,6.000000000027228,0.0
90.36000000009545,90.36000000009545,6.0000000000279385,6.0000000000279385,0.0
90.480000000096,90.480000000096,6.000000000027228,6.000000000027228,0.0
90.60000000009654,90.60000000009654,6.000000000027228,6.000000000027228,0.0
90.72000000009712,90.72000000009712,6.000000000028649,6.000000000028649,0.0
90.84000000009766,90.84000000009766,6.000000000027228,6.000000000027228,0.0
90.9600000000982,90.9600000000982,6.000000000027228,6.000000000027228,0.0
91.08000000009876,91.08000000009876,6.0000000000279385,6.0000000000279385,0.0
91.20000000009931,91.20000000009931,6.000000000027228,6.000000000027228,0.0
91.32000000009985,91.32000000009985,6.000000000027228,6.000000000027228,0.0
91.44000000010041,91.44000000010041,6.0000000000279385,6.0000000000279385,0.0
91.56000000010096,91.56000000010096,6.000000000027228,6.000000000027228,0.0
91.6800000001015,91.6800000001015,6.000000000027228,6.000000000027228,0.0
91.80000000010207,91.80000000010207,6.000000000028649,6.000000000028649,0.0
91.92000000010262,91.92000000010262,6.000000000027228,6.000000000027228,0.0
92.04000000010316,92.04000000010316,6.000000000027228,6.000000000027228,0.0
92.16000000010372,92.16000000010372,6.0000000000279385,6.0000000000279385,0.0
92.28000000010427,92.28000000010427,6.000000000027228,6.000000000027228,0.0
92.40000000010481,92.40000000010481,6.000000000027228,6.000000000027228,0.0
92.52000000010537,92.52000000010537,6.0000000000279385,6.0000000000279385,0.0
92.64000000010591,92.64000000010591,6.000000000027228,6.000000000027228,0.0
92.76000000010646,92.76000000010646,6.000000000027228,6.000000000027228,0.0
92.88000000010702,92.88000000010702,6.0000000000279385,6.0000000000279385,0.0
93.00000000010758,93.00000000010758,6.0000000000279385,6.0000000000279385,0.0
93.12000000010812,93.12000000010812,6.000000000027228,6.000000000027228,0.0
93.24000000010868,93.24000000010868,6.0000000000279385,6.0000000000279385,0.0
93.36000000010922,93.36000000010922,6.000000000027228,6.000000000027228,0.0
93.48000000010977,93.48000000010977,6.000000000027228,6.000000000027228,0.0
93.60000000011033,93.60000000011033,6.0000000000279385,6.0000000000279385,0.0
93.72000000011087,93.72000000011087,6.000000000027228,6.000000000027228,0.0
93.84000000011142,93.84000000011142,6.000000000027228,6.000000000027228,0.0
93.96000000011198,93.96000000011198,6.0000000000279385,6.0000000000279385,0.0
94.08000000011253,94.08000000011253,6.0000000000279385,6.0000000000279385,0.0
94.20000000011308,94.20000000011308,6.000000000027228,6.000000000027228,0.0
94.32000000011364,94.32000000011364,6.0000000000279385,6.0000000000279385,0.0
94.44000000011418,94.44000000011418,6.000000000027228,6.000000000027228,0.0
94.56000000011473,94.56000000011473,6.000000000027228,6.000000000027228,0.0
94.68000000011529,94.68000000011529,6.0000000000279385,6.0000000000279385,0.0
94.80000000011583,94.80000000011583,6.000000000027228,6.000000000027228,0.0
94.92000000011637,94.92000000011637,6.000000000027228,6.000000000027228,0.0
95.04000000011693,95.04000000011693,6.0000000000279385,6.0000000000279385,0.0
95.16000000011748,95.16000000011748,6.000000000027228,6.000000000027228,0.0
95.28000000011804,95.28000000011804,6.0000000000279385,6.0000000000279385,0.0
95.4000000001186,95.4000000001186,6.0000000000279385,6.0000000000279385,0.0
95.52000000011914,95.52000000011914,6.000000000027228,6.000000000027228,0.0
95.64000000011968,95.64000000011968,6.000000000027228,6.000000000027228,0.0
95.76000000012024,95.76000000012024,6.0000000000279385,6.0000000000279385,0.0
95.88000000012079,95.88000000012079,6.000000000027228,6.000000000027228,0.0
96.00000000012133,96.00000000012133,6.000000000027228,6.000000000027228,0.0
96.12000000012189,96.12000000012189,6.0000000000279385,6.0000000000279385,0.0
96.24000000012244,96.24000000012244,6.000000000027228,6.000000000027228,0.0
96.360000000123,96.360000000123,6.0000000000279385,6.0000000000279385,0.0
96.48000000012355,96.48000000012355,6.0000000000279385,6.0000000000279385,0.0
96.6000000001241,96.6000000001241,6.000000000027228,6.000000000027228,0.0
96.72000000012464,96.72000000012464,6.000000000027228,6.000000000027228,0.0
96.8400000001252,96.8400000001252,6.0000000000279385,6.0000000000279385,0.0
96.96000000012575,96.96000000012575,6.000000000027228,6.000000000027228,0.0
97.08000000012629,97.08000000012629,6.000000000027228,6.000000000027228,0.0
97.20000000012685,97.20000000012685,6.0000000000279385,6.0000000000279385,0.0
97.3200000001274,97.3200000001274,6.000000000027228,6.000000000027228,0.0
97.44000000012794,97.44000000012794,6.000000000027228,6.000000000027228,0.0
97.5600000001285,97.5600000001285,6.0000000000279385,6.0000000000279385,0.0
97.68000000012906,97.68000000012906,6.0000000000279385,6.0000000000279385,0.0
97.8000000001296,97.8000000001296,6.000000000027228,6.000000000027228,0.0
97.92000000013016,97.92000000013016,6.0000000000279385,6.0000000000279385,0.0
98.0400000001307,98.0400000001307,6.000000000027228,6.000000000027228,0.0
98.16000000013125,98.16000000013125,6.000000000027228,6.000000000027228,0.0
98.2800000001318,98.2800000001318,6.0000000000279385,6.0000000000279385,0.0
98.40000000013235,98.40000000013235,6.000000000027228,6.000000000027228,0.0
98.5200000001329,98.5200000001329,6.000000000027228,6.000000000027228,0.0
98.64000000013345,98.64000000013345,6.0000000000279385,6.0000000000279385,0.0
98.76000000013401,98.76000000013401,6.0000000000279385,6.0000000000279385,0.0
98.88000000013456,98.88000000013456,6.000000000027228,6.000000000027228,0.0
99.00000000013512,99.00000000013512,6.0000000000279385,6.0000000000279385,0.0
99.12000000013566,99.12000000013566,6.000000000027228,6.000000000027228,0.0
99.2400000001362,99.2400000001362,6.000000000027228,6.000000000027228,0.0
99.36000000013676,99.36000000013676,6.0000000000279385,6.0000000000279385,0.0
99.48000000013731,99.48000000013731,6.000000000027228,6.000000000027228,0.0
99.60000000013785,99.60000000013785,6.000000000027228,6.000000000027228,0.0
99.72000000013841,99.72000000013841,6.0000000000279385,6.0000000000279385,0.0
99.84000000013896,99.84000000013896,6.000000000027228,6.000000000027228,0.0
99.96000000013952,99.96000000013952,6.0000000000279385,6.0000000000279385,0.0
100.08000000014007,100.08000000014007,6.0000000000279385,6.0000000000279385,0.0
100.20000000014062,100.20000000014062,6.000000000027228,6.000000000027228,0.0
100.32000000014116,100.32000000014116,6.000000000027228,6.000000000027228,0.0
100.44000000014172,100.44000000014172,6.0000000000279385,6.0000000000279385,0.0
100.56000000014227,100.56000000014227,6.000000000027228,6.000000000027228,0.0
100.68000000014281,100.68000000014281,6.000000000027228,6.000000000027228,0.0
100.80000000014337,100.80000000014337,6.0000000000279385,6.0000000000279385,0.0
100.92000000014392,100.92000000014392,6.000000000027228,6.000000000027228,0.0
101.04000000014447,101.04000000014447,6.0000000000279385,6.0000000000279385,0.0
101.16000000014503,101.16000000014503,6.0000000000279385,6.0000000000279385,0.0
101.28000000014558,101.28000000014558,6.000000000027228,6.000000000027228,0.0
101.40000000014612,101.40000000014612,6.000000000027228,6.000000000027228,0.0
101.52000000014668,101.52000000014668,6.0000000000279385,6.0000000000279385,0.0
101.64000000014723,101.64000000014723,6.000000000027228,6.000000000027228,0.0
101.76000000014777,101.76000000014777,6.000000000027228,6.000000000027228,0.0
101.88000000014833,101.88000000014833,6.0000000000279385,6.0000000000279385,0.0
102.00000000014887,102.00000000014887,6.000000000027228,6.000000000027228,0.0
102.12000000014942,102.12000000014942,6.000000000027228,6.000000000027228,0.0
102.24000000014999,102.24000000014999,6.000000000028649,6.000000000028649,0.0
102.36000000015054,102.36000000015054,6.000000000027228,6.000000000027228,0.0
102.48000000015108,102.48000000015108,6.000000000027228,6.000000000027228,0.0
102.60000000015164,102.60000000015164,6.0000000000279385,6.0000000000279385,0.0
102.72000000015218,102.72000000015218,6.000000000027228,6.000000000027228,0.0
102.84000000015273,102.84000000015273,6.000000000027228,6.000000000027228,0.0
102.96000000015329,102.96000000015329,6.0000000000279385,6.0000000000279385,0.0
103.08000000015383,103.08000000015383,6.000000000027228,6.000000000027228,0.0
103.20000000015438,103.20000000015438,6.000000000027228,6.000000000027228,0.0
103.32000000015495,103.32000000015495,6.000000000028649,6.000000000028649,0.0
103.4400000001555,103.4400000001555,6.000000000027228,6.000000000027228,0.0
103.56000000015604,103.56000000015604,6.000000000027228,6.000000000027228,0.0
103.68000000015658,103.68000000015658,6.000000000027228,6.000000000027228,0.0
103.80000000015713,103.80000000015713,6.000000000027228,6.000000000027228,0.0
103.92000000015767,103.92000000015767,6.000000000027228,6.000000000027228,0.0
104.04000000015823,104.04000000015823,6.0000000000279385,6.0000000000279385,0.0
104.16000000015877,104.16000000015877,6.000000000027228,6.000000000027228,0.0
104.28000000015932,104.28000000015932,6.000000000027228,6.000000000027228,0.0
104.40000000015988,104.40000000015988,6.0000000000279385,6.0000000000279385,0.0
104.52000000016044,104.52000000016044,6.0000000000279385,6.0000000000279385,0.0
104.64000000016098,104.64000000016098,6.000000000027228,6.000000000027228,0.0
104.76000000016154,104.76000000016154,6.0000000000279385,6.0000000000279385,0.0
104.88000000016208,104.88000000016208,6.000000000027228,6.000000000027228,0.0
105.00000000016263,105.00000000016263,6.000000000027228,6.000000000027228,0.0
105.12000000016319,105.12000000016319,6.0000000000279385,6.0000000000279385,0.0
105.24000000016373,105.24000000016373,6.000000000027228,6.000000000027228,0.0
105.36000000016428,105.36000000016428,6.000000000027228,6.000000000027228,0.0
105.48000000016484,105.48000000016484,6.0000000000279385,6.0000000000279385,0.0
105.6000000001654,105.6000000001654,6.0000000000279385,6.0000000000279385,0.0
105.72000000016594,105.72000000016594,6.000000000027228,6.000000000027228,0.0
105.8400000001665,105.8400000001665,6.0000000000279385,6.0000000000279385,0.0
105.96000000016704,105.96000000016704,6.000000000027228,6.000000000027228,0.0
106.08000000016759,106.08000000016759,6.000000000027228,6.000000000027228,0.0
106.20000000016815,106.20000000016815,6.0000000000279385,6.0000000000279385,0.0
106.32000000016869,106.32000000016869,6.000000000027228,6.000000000027228,0.0
106.44000000016923,106.44000000016923,6.000000000027228,6.000000000027228,0.0
106.5600000001698,106.5600000001698,6.0000000000279385,6.0000000000279385,0.0
106.68000000017034,106.68000000017034,6.000000000027228,6.000000000027228,0.0
106.8000000001709,106.8000000001709,6.0000000000279385,6.0000000000279385,0.0
106.92000000017146,106.92000000017146,6.0000000000279385,6.0000000000279385,0.0
107.040000000172,107.040000000172,6.000000000027228,6.000000000027228,0.0
107.16000000017254,107.16000000017254,6.000000000027228,6.000000000027228,0.0
107.2800000001731,107.2800000001731,6.0000000000279385,6.0000000000279385,0.0
107.40000000017365,107.40000000017365,6.000000000027228,6.000000000027228,0.0
107.52000000017419,107.52000000017419,6.000000000027228,6.000000000027228,0.0
107.64000000017475,107.64000000017475,6.0000000000279385,6.0000000000279385,0.0
107.7600000001753,107.7600000001753,6.000000000027228,6.000000000027228,0.0
107.88000000017585,107.88000000017585,6.0000000000279385,6.0000000000279385,0.0
108.00000000017641,108.00000000017641,6.0000000000279385,6.0000000000279385,0.0
108.12000000017696,108.12000000017696,6.000000000027228,6.000000000027228,0.0
108.2400000001775,108.2400000001775,6.000000000027228,6.000000000027228,0.0
108.36000000017806,108.36000000017806,6.0000000000279385,6.0000000000279385,0.0
108.4800000001786,108.4800000001786,6.000000000027228,6.000000000027228,0.0
108.60000000017915,108.60000000017915,6.000000000027228,6.000000000027228,0.0
108.72000000017971,108.72000000017971,6.0000000000279385,6.0000000000279385,0.0
108.84000000018025,108.84000000018025,6.000000000027228,6.000000000027228,0.0
108.9600000001808,108.9600000001808,6.000000000027228,6.000000000027228,0.0
109.08000000018137,109.08000000018137,6.000000000028649,6.000000000028649,0.0
109.20000000018192,109.20000000018192,6.000000000027228,6.000000000027228,0.0
109.32000000018246,109.32000000018246,6.000000000027228,6.000000000027228,0.0
109.44000000018302,109.44000000018302,6.0000000000279385,6.0000000000279385,0.0
109.56000000018356,109.56000000018356,6.000000000027228,6.000000000027228,0.0
109.68000000018411,109.68000000018411,6.000000000027228,6.000000000027228,0.0
109.80000000018467,109.80000000018467,6.0000000000279385,6.0000000000279385,0.0
109.92000000018521,109.92000000018521,6.000000000027228,6.000000000027228,0.0
110.04000000018576,110.04000000018576,6.000000000027228,6.000000000027228,0.0
110.16000000018633,110.16000000018633,6.000000000028649,6.000000000028649,0.0
110.28000000018687,110.28000000018687,6.000000000027228,6.000000000027228,0.0
110.40000000018742,110.40000000018742,6.000000000027228,6.000000000027228,0.0
110.52000000018798,110.52000000018798,6.0000000000279385,6.0000000000279385,0.0
110.64000000018852,110.64000000018852,6.000000000027228,6.000000000027228,0.0
110.76000000018907,110.76000000018907,6.000000000027228,6.000000000027228,0.0
110.88000000018963,110.88000000018963,6.0000000000279385,6.0000000000279385,0.0
111.00000000019017,111.00000000019017,6.000000000027228,6.000000000027228,0.0
111.12000000019071,111.12000000019071,6.000000000027228,6.000000000027228,0.0
111.24000000019127,111.24000000019127,6.0000000000279385,6.0000000000279385,0.0
111.36000000019183,111.36000000019183,6.0000000000279385,6.0000000000279385,0.0
111.48000000019238,111.48000000019238,6.000000000027228,6.000000000027228,0.0
111.60000000019294,111.60000000019294,6.0000000000279385,6.0000000000279385,0.0
111.72000000019348,111.72000000019348,6.000000000027228,6.000000000027228,0.0
111.84000000019402,111.84000000019402,6.000000000027228,6.000000000027228,0.0
111.96000000019458,111.96000000019458,6.0000000000279385,6.0000000000279385,0.0
112.08000000019513,112.08000000019513,6.000000000027228,6.000000000027228,0.0
112.20000000019567,112.20000000019567,6.000000000027228,6.000000000027228,0.0
112.32000000019623,112.32000000019623,6.0000000000279385,6.0000000000279385,0.0
112.44000000019679,112.44000000019679,6.0000000000279385,6.0000000000279385,0.0
112.56000000019733,112.56000000019733,6.000000000027228,6.000000000027228,0.0
112.6800000001979,112.6800000001979,6.0000000000279385,6.0000000000279385,0.0
112.80000000019844,112.80000000019844,6.000000000027228,6.000000000027228,0.0
112.92000000019898,112.92000000019898,6.000000000027228,6.000000000027228,0.0
113.04000000019954,113.04000000019954,6.0000000000279385,6.0000000000279385,0.0
113.16000000020009,113.16000000020009,6.000000000027228,6.000000000027228,0.0
113.28000000020063,113.28000000020063,6.000000000027228,6.000000000027228,0.0
113.40000000020119,113.40000000020119,6.0000000000279385,6.0000000000279385,0.0
113.52000000020173,113.52000000020173,6.000000000027228,6.000000000027228,0.0
113.64000000020229,113.64000000020229,6.0000000000279385,6.0000000000279385,0.0
113.76000000020285,113.76000000020285,6.0000000000279385,6.0000000000279385,0.0
113.8800000002034,113.8800000002034,6.000000000027228,6.000000000027228,0.0
114.00000000020394,114.00000000020394,6.000000000027228,6.000000000027228,0.0
114.1200000002045,114.1200000002045,6.0000000000279385,6.0000000000279385,0.0
114.24000000020504,114.24000000020504,6.000000000027228,6.000000000027228,0.0
114.36000000020559,114.36000000020559,6.000000000027228,6.000000000027228,0.0
114.48000000020615,114.48000000020615,6.0000000000279385,6.0000000000279385,0.0
114.60000000020669,114.60000000020669,6.000000000027228,6.000000000027228,0.0
114.72000000020725,114.72000000020725,6.0000000000279385,6.0000000000279385,0.0
114.84000000020781,114.84000000020781,6.0000000000279385,6.0000000000279385,0.0
114.96000000020835,114.96000000020835,6.000000000027228,6.000000000027228,0.0
115.0800000002089,115.0800000002089,6.000000000027228,6.000000000027228,0.0
115.20000000020946,115.20000000020946,6.0000000000279385,6.0000000000279385,0.0
115.32000000021,115.32000000021,6.000000000027228,6.000000000027228,0.0
115.44000000021055,115.44000000021055,6.000000000027228,6.000000000027228,0.0
115.5600000002111,115.5600000002111,6.0000000000279385,6.0000000000279385,0.0
115.68000000021165,115.68000000021165,6.000000000027228,6.000000000027228,0.0
115.8000000002122,115.8000000002122,6.000000000027228,6.000000000027228,0.0
115.92000000021275,115.92000000021275,6.0000000000279385,6.0000000000279385,0.0
116.04000000021331,116.04000000021331,6.0000000000279385,6.0000000000279385,0.0
116.16000000021386,116.16000000021386,6.000000000027228,6.000000000027228,0.0
116.28000000021441,116.28000000021441,6.0000000000279385,6.0000000000279385,0.0
116.40000000021496,116.40000000021496,6.000000000027228,6.000000000027228,0.0
116.5200000002155,116.5200000002155,6.000000000027228,6.000000000027228,0.0
116.64000000021606,116.64000000021606,6.0000000000279385,6.0000000000279385,0.0
116.7600000002166,116.7600000002166,6.000000000027228,6.000000000027228,0.0
116.88000000021715,116.88000000021715,6.000000000027228,6.000000000027228,0.0
117.00000000021541,117.00000000021541,5.999999999912831,5.999999999912831,0.0
117.11880000021135,117.11880000021135,5.939999999797152,5.939999999797152,0.0
117.23520000020729,117.23520000020729,5.819999999796721,5.819999999796721,0.0
117.3492000002032,117.3492000002032,5.69999999979558,5.69999999979558,0.0
117.46080000019911,117.46080000019911,5.579999999795859,5.579999999795859,0.0
117.570000000195,117.570000000195,5.459999999794007,5.459999999794007,0.0
117.6768000001909,117.6768000001909,5.339999999794998,5.339999999794998,0.0
117.78120000018677,117.78120000018677,5.219999999793856,5.219999999793856,0.0
117.88320000018263,117.88320000018263,5.099999999792715,5.099999999792715,0.0
117.98280000017849,117.98280000017849,4.9799999997929945,4.9799999997929945,0.0
118.08000000017434,118.08000000017434,4.859999999792564,4.859999999792564,0.0
118.17480000017017,118.17480000017017,4.739999999791422,4.739999999791422,0.0
118.26720000016599,118.26720000016599,4.619999999790991,4.619999999790991,0.0
118.35720000016181,118.35720000016181,4.499999999791271,4.499999999791271,0.0
118.44480000015761,118.44480000015761,4.3799999997901296,4.3799999997901296,0.0
118.5300000001534,118.5300000001534,4.259999999788988,4.259999999788988,0.0
118.61280000014918,118.61280000014918,4.139999999789268,4.139999999789268,0.0
118.69320000014494,118.69320000014494,4.019999999788126,4.019999999788126,0.0
118.7712000001407,118.7712000001407,3.8999999997876955,3.8999999997876955,0.0
118.84680000013644,118.84680000013644,3.7799999997872646,3.7799999997872646,0.0
118.92000000013218,118.92000000013218,3.6599999997868338,3.6599999997868338,0.0
118.9908000001279,118.9908000001279,3.539999999786403,3.539999999786403,0.0
119.05920000012361,119.05920000012361,3.4199999997852615,3.4199999997852615,0.0
119.12520000011932,119.12520000011932,3.299999999785541,3.299999999785541,0.0
119.18880000011501,119.18880000011501,3.1799999997843997,3.1799999997843997,0.0
119.25000000011067,119.25000000011067,3.0599999997832583,3.0599999997832583,0.0
119.30880000010634,119.30880000010634,2.939999999783538,2.939999999783538,0.0
119.36520000010202,119.36520000010202,2.8199999997838177,2.8199999997838177,0.0
119.41920000009766,119.41920000009766,2.6999999997819657,2.6999999997819657,0.0
119.47080000009329,119.47080000009329,2.579999999781535,2.579999999781535,0.0
119.5200000000889,119.5200000000889,2.4599999997803934,2.4599999997803934,0.0
119.56680000008451,119.56680000008451,2.339999999780673,2.339999999780673,0.0
119.61120000008013,119.61120000008013,2.2199999997809527,2.2199999997809527,0.0
119.65320000007571,119.65320000007571,2.099999999779101,2.099999999779101,0.0
119.6928000000713,119.6928000000713,1.9799999997793805,1.9799999997793805,0.0
119.73000000006687,119.73000000006687,1.859999999778239,1.859999999778239,0.0
119.76480000006242,119.76480000006242,1.7399999997778082,1.7399999997778082,0.0
119.79720000005798,119.79720000005798,1.6199999997780878,1.6199999997780878,0.0
119.82720000005351,119.82720000005351,1.4999999997762359,1.4999999997762359,0.0
119.85480000004905,119.85480000004905,1.379999999777226,1.379999999777226,0.0
119.88000000004456,119.88000000004456,1.2599999997753741,1.2599999997753741,0.0
119.90280000004006,119.90280000004006,1.1399999997749433,1.1399999997749433,0.0
119.92320000003556,119.92320000003556,1.019999999775223,1.019999999775223,0.0
119.94120000003105,119.94120000003105,0.8999999997740815,0.8999999997740815,0.0
119.95680000002652,119.95680000002652,0.7799999997736506,0.7799999997736506,0.0
119.97000000002198,119.97000000002198,0.6599999997732198,0.6599999997732198,0.0
119.98080000001744,119.98080000001744,0.5399999997727889,0.5399999997727889,0.0
119.98920000001289,119.98920000001289,0.419999999772358,0.419999999772358,0.0
119.9952000000083,119.9952000000083,0.29999999977050607,0.29999999977050607,0.0
119.99880000000371,119.99880000000371,0.17999999977078573,0.17999999977078573,0.0
120.0,120.0,0.05999999981440851,0.05999999981440851,0.0
120.0,120.0,0.0,0.0,0.0
